1 1 1 1 1 1 1 1 1 1
1 1 2 1 1 1 2 1 1 1
1 1 1 1 1 1 1 1 1 1
1 1 2 1 1 1 1 1 1 1
1 1 1 1 1 3 1 1 1 1
1 1 1 1 1 1 1 1 1 1
1 1 2 2 2 1 1 1 1 1
1 1 1 1 3 1 1 1 1 1
1 1 1 1 4 1 1 1 1 1
1 1 3 3 4 1 1 1 1 1
5 5 3 5 5 5 5 5 6 5
5 1 3 5 5 5 5 5 6 5
5 5 3 1 5 5 5 5 6 5
5 5 3 5 5 5 5 5 6 5
5 5 3 8 5 5 5 5 6 5
5 5 3 8 5 5 5 5 6 5
5 5 3 5 5 5 5 9 6 5
5 5 2 5 5 5 5 5 6 5
5 5 5 5 5 5 5 5 6 5
5 8 3 8 5 5 5 5 6 5
9 9 9 9 9 8 9 9 9 9
1 1 1 1 1 1 1 1 1 1
1 1 2 1 1 1 2 1 1 1
1 1 1 1 1 1 1 1 1 1
1 1 2 1 1 1 1 1 1 1
1 1 1 1 1 3 1 1 1 1
1 1 1 1 1 1 1 1 1 1
1 1 2 2 2 1 1 1 1 1
1 1 1 1 3 1 1 1 1 1
1 1 1 1 4 1 1 1 1 1
1 1 3 3 4 1 1 1 1 1
5 5 3 5 5 5 5 5 6 5
5 1 3 5 5 5 5 5 6 5
5 5 3 1 5 5 5 5 6 5
5 5 3 5 5 5 5 5 6 5
5 5 3 8 5 5 5 5 6 5
5 5 3 8 5 5 5 5 6 5
5 5 3 5 5 5 5 9 6 5
5 5 2 5 5 5 5 5 6 5
5 5 5 5 5 5 5 5 6 5
5 8 3 8 5 5 5 5 6 5
9 9 9 9 9 8 9 9 9 9
1 1 1 1 1 1 1 1 1 1
1 1 2 1 1 1 2 1 1 1
1 1 1 1 1 1 1 1 1 1
1 1 2 1 1 1 1 1 1 1
1 1 1 1 1 3 1 1 1 1
1 1 1 1 1 1 1 1 1 1
1 1 2 2 2 1 1 1 1 1
1 1 1 1 3 1 1 1 1 1
1 1 1 1 4 1 1 1 1 1
1 1 3 3 4 1 1 1 1 1
5 5 3 5 5 5 5 5 6 5
5 1 3 5 5 5 5 5 6 5
5 5 3 1 5 5 5 5 6 5
5 5 3 5 5 5 5 5 6 5
5 5 3 8 5 5 5 5 6 5
5 5 3 8 5 5 5 5 6 5
5 5 3 5 5 5 5 9 6 5
5 5 2 5 5 5 5 5 6 5
5 5 5 5 5 5 5 5 6 5
5 8 3 8 5 5 5 5 6 5
9 9 9 9 9 8 9 9 9 9
1 1 1 1 1 1 1 1 1 1
1 1 2 1 1 1 2 1 1 1
1 1 1 1 1 1 1 1 1 1
1 1 2 1 1 1 1 1 1 1
1 1 1 1 1 3 1 1 1 1
1 1 1 1 1 1 1 1 1 1
1 1 2 2 2 1 1 1 1 1
1 1 1 1 3 1 1 1 1 1
1 1 1 1 4 1 1 1 1 1
1 1 3 3 4 1 1 1 1 1
5 5 3 5 5 5 5 5 6 5
5 1 3 5 5 5 5 5 6 5
5 5 3 1 5 5 5 5 6 5
5 5 3 5 5 5 5 5 6 5
5 5 3 8 5 5 5 5 6 5
5 5 3 8 5 5 5 5 6 5
5 5 3 5 5 5 5 9 6 5
5 5 2 5 5 5 5 5 6 5
5 5 5 5 5 5 5 5 6 5
5 8 3 8 5 5 5 5 6 5
9 9 9 9 9 8 9 9 9 9
1 1 1 1 1 1 1 1 1 1
1 1 2 1 1 1 2 1 1 1
1 1 1 1 1 1 1 1 1 1
1 1 2 1 1 1 1 1 1 1
1 1 1 1 1 3 1 1 1 1
1 1 1 1 1 1 1 1 1 1
1 1 2 2 2 1 1 1 1 1
1 1 1 1 3 1 1 1 1 1
1 1 1 1 4 1 1 1 1 1
1 1 3 3 4 1 1 1 1 1
5 5 3 5 5 5 5 5 6 5
5 1 3 5 5 5 5 5 6 5
5 5 3 1 5 5 5 5 6 5
5 5 3 5 5 5 5 5 6 5
5 5 3 8 5 5 5 5 6 5
5 5 3 8 5 5 5 5 6 5
5 5 3 5 5 5 5 9 6 5
5 5 2 5 5 5 5 5 6 5
5 5 5 5 5 5 5 5 6 5
5 8 3 8 5 5 5 5 6 5
9 9 9 9 9 8 9 9 9 9